0.001018524169921875 0.0010464191436767578 0.0 0.0 0.0009992122650146484 0.0 0.0 0.000997304916381836 0.0 0.0
0.007979869842529297 0.006980419158935547 0.0049860477447509766 0.0049855709075927734 0.004984378814697266 0.003989219665527344 0.004986286163330078 0.004984617233276367 0.004986286163330078 0.003989696502685547
0.025118350982666016 0.023935317993164062 0.02396678924560547 0.02787923812866211 0.023936033248901367 0.03490710258483887 0.028961181640625 0.02654886245727539 0.02194499969482422 0.020946025848388672
0.049820899963378906 0.055930376052856445 0.053854942321777344 0.05086398124694824 0.05086374282836914 0.04886913299560547 0.05086374282836914 0.04653620719909668 0.05185294151306152 0.04943537712097168
0.324176549911499 0.2817838191986084 0.28822994232177734 0.31438207626342773 0.28627943992614746 0.28818297386169434 0.3151569366455078 0.29628801345825195 0.2871828079223633 0.302217960357666
0.6399967670440674 0.6556417942047119 0.6499373912811279 0.6568341255187988 0.6582930088043213 0.6871161460876465 0.7185084819793701 0.6819229125976562 0.7190749645233154 0.7807974815368652
2.0036532878875732 2.4587204456329346 2.357504367828369 2.3324153423309326 2.2529585361480713 4.970828533172607 4.725307941436768 2.83182954788208 2.481809139251709 2.3982698917388916
4.884879112243652 5.0666913986206055 4.823667526245117 4.8907928466796875 5.459388256072998 4.899891138076782 4.990566730499268 5.025360822677612 4.736229181289673 4.707372426986694
7.054375410079956 7.129814624786377 6.6080310344696045 6.895444393157959 6.585041284561157 6.474177360534668 6.710575819015503 6.463508129119873 6.568356990814209 6.473625898361206
9.197777509689331 9.461776971817017 9.016278743743896 9.075829982757568 9.014122724533081 9.185945510864258 11.06434965133667 9.586389541625977 10.706597805023193 9.318537712097168
0.000997304916381836 0.0 0.0009970664978027344 0.0 0.00115966796875 0.0 0.0010349750518798828 0.0 0.0009992122650146484 0.0
0.005987882614135742 0.005031585693359375 0.004191398620605469 0.003983736038208008 0.004184722900390625 0.003991842269897461 0.004034280776977539 0.003987312316894531 0.003210783004760742 0.003977537155151367
0.02131032943725586 0.021253585815429688 0.023295164108276367 0.022302627563476562 0.02343153953552246 0.02330636978149414 0.024250507354736328 0.025246858596801758 0.025369882583618164 0.024296283721923828
0.05280280113220215 0.05493307113647461 0.05379533767700195 0.05188703536987305 0.05299043655395508 0.05570578575134277 0.05793905258178711 0.05589890480041504 0.05570220947265625 0.05275917053222656
0.3207733631134033 0.31259751319885254 0.31064319610595703 0.30849170684814453 0.3116796016693115 0.3094594478607178 0.31060099601745605 0.3179342746734619 0.3186802864074707 0.3093435764312744
0.6710762977600098 0.6945197582244873 0.6788301467895508 0.702298641204834 0.6725976467132568 0.6678931713104248 0.695143461227417 0.7278652191162109 0.7032909393310547 0.7049925327301025
1.9774985313415527 1.906221866607666 1.9086096286773682 1.9782476425170898 2.313943862915039 2.2944226264953613 2.0751006603240967 2.093360424041748 2.1492464542388916 2.101532459259033
4.347227573394775 4.183763027191162 4.303526878356934 4.584735631942749 4.253661870956421 4.452096700668335 4.620809316635132 5.063922882080078 4.074394941329956 4.430055141448975
6.575371265411377 6.469453811645508 6.4705491065979 6.352190256118774 6.5840535163879395 6.522369861602783 6.498879909515381 6.520840883255005 6.4920244216918945 6.403439283370972
8.81143832206726 8.804083824157715 9.208323001861572 8.983276844024658 9.000974416732788 9.107309103012085 8.747572183609009 8.82746696472168 8.71463918685913 8.709970712661743
0.0 0.0 0.0 0.0 0.0 0.0 0.0 0.0 0.0 0.000997781753540039
0.0051767826080322266 0.005120038986206055 0.004987001419067383 0.004164934158325195 0.003988504409790039 0.004168510437011719 0.003985404968261719 0.0032248497009277344 0.003978729248046875 0.003166675567626953
0.021942853927612305 0.022296667098999023 0.02234816551208496 0.022303104400634766 0.02241206169128418 0.022867679595947266 0.02348470687866211 0.02333974838256836 0.025321245193481445 0.025293827056884766
0.056954145431518555 0.05402660369873047 0.05483746528625488 0.05580306053161621 0.052800893783569336 0.05675172805786133 0.05694937705993652 0.05380749702453613 0.050716400146484375 0.05082249641418457
0.31540942192077637 0.3073582649230957 0.3239400386810303 0.3263051509857178 0.3168668746948242 0.3151857852935791 0.3173513412475586 0.33492588996887207 0.3157951831817627 0.3236806392669678
0.6739585399627686 0.6776559352874756 0.6940398216247559 0.6680033206939697 0.6659061908721924 0.6824991703033447 0.6646811962127686 0.6645565032958984 0.6695764064788818 0.6939718723297119
1.9336369037628174 2.034780502319336 1.9395689964294434 1.912893533706665 1.9767391681671143 1.8575382232666016 1.9764504432678223 1.9117376804351807 2.0557267665863037 1.9653027057647705
4.162086725234985 4.164339065551758 4.177785158157349 4.071699380874634 4.079410076141357 4.105524301528931 4.167133808135986 4.1844096183776855 4.270613431930542 4.0275962352752686
6.356990575790405 6.324610471725464 6.401302814483643 6.31534481048584 6.379305839538574 6.441983222961426 6.377661228179932 6.571960687637329 6.565841436386108 7.330171346664429
8.831729412078857 8.692226886749268 8.877506971359253 8.825189113616943 8.721322536468506 8.988228797912598 8.702985286712646 8.76760458946228 9.002583980560303 9.076570272445679
0.0 0.0 0.0 0.0009965896606445312 0.0 0.0009975433349609375 0.0 0.0009980201721191406 0.0 0.0
0.006249904632568359 0.006116628646850586 0.0049800872802734375 0.0042116641998291016 0.00503230094909668 0.00403141975402832 0.00510096549987793 0.005031585693359375 0.0032351016998291016 0.003993034362792969
0.0267641544342041 0.02652764320373535 0.027509212493896484 0.027430295944213867 0.02546072006225586 0.026766300201416016 0.02576470375061035 0.026786327362060547 0.026228904724121094 0.026970386505126953
0.06024622917175293 0.06488895416259766 0.06513452529907227 0.06493425369262695 0.06343841552734375 0.05747699737548828 0.06256985664367676 0.06298589706420898 0.06281709671020508 0.0641484260559082
0.3792898654937744 0.36032581329345703 0.37056660652160645 0.3696582317352295 0.3633425235748291 0.37241077423095703 0.3485984802246094 0.3590083122253418 0.3374807834625244 0.3456251621246338
0.7404978275299072 0.7453219890594482 0.7212820053100586 0.7417974472045898 0.742875337600708 0.736159086227417 0.7494652271270752 0.7301006317138672 0.7486991882324219 0.7499897480010986
2.0543205738067627 2.010002374649048 2.0518853664398193 2.003742218017578 2.008195161819458 2.138645887374878 1.9933288097381592 2.0425240993499756 2.0248775482177734 2.106013536453247
4.347807884216309 4.326657056808472 4.274610757827759 4.414852142333984 4.3130409717559814 4.287122488021851 4.3069329261779785 4.268301963806152 4.329883337020874 4.3682191371917725
6.734295129776001 6.716721773147583 6.730872631072998 6.848083734512329 6.8356382846832275 6.95801568031311 6.724002838134766 6.7223615646362305 6.830242395401001 6.957929611206055
10.962115049362183 10.299925088882446 9.676101684570312 9.318113803863525 9.30324649810791 9.278569221496582 9.367010354995728 9.331560850143433 9.53475546836853 10.311139345169067
